3747838232570626048|113.32876709494556,23.12868374746404|113.32281266899871,23.122151941317554;113.3347214670798,23.122151941317554;113.3347214670798,23.135215646706484;113.32281266899871,23.135215646706484
3747839400801730560|113.40021595576945,23.095127289757343|113.39426218783932,23.088595434878663;113.40616966765742,23.088595434878663;113.40616966765742,23.101659240893053;113.39426218783932,23.101659240893053
3747836102266847232|113.35258425874784,23.237037277997125|113.34663004916678,23.230502337114576;113.35853841377283,23.230502337114576;113.35853841377283,23.24357230704376;113.34663004916678,23.24357230704376
3747843489610596352|113.43593737996602,23.17916163289872|113.42998395107384,23.172627089759676;113.44189075170222,23.172627089759676;113.44189075170222,23.18569626882784;113.42998395107384,23.18569626882784
3747835483791556608|113.29303973858326,23.235136105710225|113.2870849936657,23.228602011511978;113.29899443080402,23.228602011511978;113.29899443080402,23.241670286935996;113.2870849936657,23.241670286935996
3747835896108417024|113.32876709494558,23.240763367457824|113.32281266899871,23.234228649578135;113.3347214670798,23.234228649578135;113.3347214670798,23.247298172822145;113.32281266899871,23.247298172822145
3747839538240684032|113.40021595576945,23.117536161725397|113.39426218783932,23.11100371103501;113.40616966765742,23.11100371103501;113.40616966765742,23.124068707550858;113.39426218783932,23.124068707550858
3747838370009579520|113.30494907014189,23.132392317314924|113.29899443080396,23.125860728735496;113.31090365641097,23.125860728735496;113.31090365641097,23.138923998311473;113.29899443080396,23.138923998311473
3747837304857690112|113.37640054965286,23.13246134191866|113.37044655941108,23.12592880866201;113.38235448459534,23.12592880866201;113.38235448459534,23.13899396906922;113.37044655941108,23.13899396906922
3747835311992864768|113.31685818942522,23.220208632578387|113.31090365641093,23.213674602115834;113.32281266899876,23.213674602115834;113.32281266899876,23.226742751308407;113.31090365641093,23.226742751308407
3747837579735597056|113.35258425874784,23.15859240937938|113.34663004916678,23.15205950324999;113.35853841377283,23.15205950324999;113.35853841377283,23.165125407600808;113.34663004916678,23.165125407600808
3747838644887486464|113.31685818942522,23.096910411161563|113.31090365641093,23.090379601391167;113.32281266899876,23.090379601391167;113.32281266899876,23.103441315371544;113.31090365641093,23.103441315371544
3747837442296643584|113.35258425874784,23.13617859598717|113.34663004916678,23.12964627825815;113.35853841377283,23.12964627825815;113.35853841377283,23.142711006930366;113.34663004916678,23.142711006930366
3747838507448532992|113.30494907014189,23.10997231357087|113.29899443080396,23.103441315371494;113.31090365641097,23.103441315371494;113.31090365641097,23.116503405309473;113.29899443080396,23.116503405309473
3747836067907108864|113.35258425874784,23.225831209643005|113.34663004916678,23.21929655709213;113.35853841377283,23.21929655709213;113.35853841377283,23.232365950919142;113.34663004916678,23.232365950919142
3747835449431818240|113.29303973858326,23.223926461422522|113.2870849936657,23.217392654639248;113.29899443080402,23.217392654639248;113.29899443080402,23.23046035579453;113.2870849936657,23.23046035579453
3747839675679637504|113.4240304652113,23.113813015537072|113.41807692256394,23.10728035272314;113.4299839510739,23.10728035272314;113.4299839510739,23.120345774166697;113.41807692256394,23.120345774166697
3747836514583707648|113.36449251405583,23.223967484846682|113.35853841377278,23.21743272164389;113.37044655941112,23.21743272164389;113.37044655941112,23.230502337114626;113.35853841377278,23.230502337114626
3747835518151294976|113.30494907014189,23.23327695785553|113.29899443080396,23.226742751308358;113.31090365641097,23.226742751308358;113.31090365641097,23.23981125176955;113.29899443080396,23.23981125176955
3747841015709433856|113.41212332331745,23.160488751112528|113.40616966765737,23.153955010595745;113.41807692256398,23.153955010595745;113.41807692256398,23.167022584860582;113.40616966765737,23.167022584860582
3747839125923823616|113.37640054965286,23.12125566733684|113.37044655941108,23.114723430133278;113.38235448459534,23.114723430133278;113.38235448459534,23.127787998995327;113.37044655941108,23.127787998995327
3747835930468155392|113.31685818942522,23.24262503866928|113.31090365641093,23.236090432800193;113.32281266899876,23.236090432800193;113.32281266899876,23.24915973168345;113.31090365641093,23.24915973168345
3747843420891119616|113.44784406609682,23.18849445269199|113.44189075170216,23.18195950890715;113.4537973229644,23.18195950890715;113.4537973229644,23.195029489046508;113.44189075170216,23.195029489046508
3747841153148387328|113.4240304652113,23.12501590270638|113.41807692256394,23.11848294248081;113.4299839510739,23.11848294248081;113.4299839510739,23.131548958186666;113.41807692256394,23.131548958186666
3747841290587340800|113.40021595576947,23.12874044337727|113.39426218783932,23.12220769595457;113.40616966765742,23.12220769595457;113.40616966765742,23.13527328537406;113.39426218783932,23.13527328537406
3747835105834434560|113.32876709494556,23.184724950313147|113.32281266899871,23.178191678518033;113.3347214670798,23.178191678518033;113.3347214670798,23.19125831239874;113.32281266899871,23.19125831239874
3747836170986323968|113.34067578521548,23.25010742380391|113.33472146707975,23.243572307043706;113.34663004916682,23.243572307043706;113.34663004916682,23.25664262782721;113.33472146707975,23.25664262782721
3747838851045916672|113.35258425874784,23.102557085956903|113.34663004916678,23.096025656697332;113.35853841377283,23.096025656697332;113.35853841377283,23.109088610113712;113.34663004916678,23.109088610113712
3747836033547370496|113.34067578521548,23.227694019633546|113.33472146707975,23.22115947807439;113.34663004916682,23.22115947807439;113.34663004916682,23.23422864957819;113.33472146707975,23.23422864957819
3747836480223969280|113.36449251405583,23.23517286033095|113.35853841377278,23.22863780845654;113.37044655941112,23.22863780845654;113.37044655941112,23.24170800070934;113.35853841377278,23.24170800070934
3747838988484870144|113.35258425874784,23.124971530028382|113.34663004916678,23.118439507673312;113.35853841377283,23.118439507673312;113.35853841377283,23.13150364615866;113.34663004916678,23.13150364615866
3747834968395481088|113.29303973858326,23.20150682574808|113.2870849936657,23.194973596142713;113.29899443080402,23.194973596142713;113.29899443080402,23.208040144064555;113.2870849936657,23.208040144064555
3747842561897660416|113.41212332331745,23.216503443453323|113.40616966765737,23.20996824104489;113.41807692256398,23.20996824104489;113.41807692256398,23.223038736287577;113.40616966765737,23.223038736287577
3747842424458706944|113.4240304652113,23.248240517357914|113.41807692256394,23.24170433723095;113.4299839510739,23.24170433723095;113.4299839510739,23.25477678656772;113.41807692256394,23.25477678656772
3747839160283561984|113.37640054965286,23.11004988886043|113.37044655941108,23.1035179484924;113.38235448459534,23.1035179484924;113.38235448459534,23.11658192424439;113.37044655941108,23.11658192424439
3747843317811904512|113.44784406609682,23.199695193162338|113.44189075170216,23.193159956761406;113.4537973229644,23.193159956761406;113.4537973229644,23.20623052157186;113.44189075170216,23.20623052157186
3747835243273388032|113.32876709494556,23.207140660371145|113.32281266899871,23.2006068077946;113.3347214670798,23.2006068077946;113.3347214670798,23.213674602115884;113.32281266899871,23.213674602115884
3747836274065539072|113.35258425874784,23.2482432291411|113.34663004916678,23.24170800070929;113.35853841377283,23.24170800070929;113.35853841377283,23.25477854517579;113.34663004916678,23.25477854517579
3747838885405655040|113.34067578521548,23.104412259393687|113.33472146707975,23.09788093738957;113.34663004916682,23.09788093738957;113.34663004916682,23.110943675955387;113.33472146707975,23.110943675955387
3747835071474696192|113.31685818942522,23.18658316007001|113.31090365641093,23.180049998586572;113.32281266899876,23.180049998586572;113.32281266899876,23.193116411504416;113.31090365641093,23.193116411504416
3747836308425277440|113.36449251405583,23.24637811889757|113.35853841377278,23.239842779133916;113.37044655941112,23.239842779133916;113.37044655941112,23.25291354660401;113.35853841377278,23.25291354660401
3747836445864230912|113.37640054965286,23.23330752776368|113.37044655941108,23.226772365237387;113.38235448459534,23.226772365237387;113.38235448459534,23.239842779133966;113.37044655941108,23.239842779133966
3747834934035742720|113.29303973858326,23.19029683690911|113.2870849936657,23.183763897066715;113.29899443080402,23.183763897066715;113.29899443080402,23.19682986602378;113.2870849936657,23.19682986602378
3747835380712341504|113.30494907014189,23.21085893589499|113.29899443080396,23.204325305639927;113.31090365641097,23.204325305639927;113.31090365641097,23.217392654639298;113.29899443080396,23.217392654639298
3747840362874404864|113.43593737996602,23.10074778617565|113.42998395107384,23.094215316345206;113.44189075170222,23.094215316345206;113.44189075170222,23.10728035272319;113.42998395107384,23.10728035272319
3747839022844608512|113.35258425874784,23.113764359593464|113.34663004916678,23.10723263339488;113.35853841377283,23.10723263339488;113.35853841377283,23.120296180128285;113.34663004916678,23.120296180128285
3747836136626585600|113.34067578521548,23.238900780470004|113.33472146707975,23.232365950919093;113.34663004916682,23.232365950919093;113.34663004916682,23.24543569784521;113.33472146707975,23.24543569784521
3747838129491410944|113.31685818942522,23.152956682083605|113.31090365641093,23.146424396622724;113.32281266899876,23.146424396622724;113.32281266899876,23.15948905917881;113.31090365641093,23.15948905917881
3747838266930364416|113.32876709494558,23.117475186624297|113.32281266899871,23.110943675955337;113.3347214670798,23.110943675955337;113.3347214670798,23.124006790950244;113.32281266899871,23.124006790950244
3747839435161468928|113.38830836405272,23.09698610359083|113.3823544845953,23.09045435460613;113.39426218783936,23.09045435460613;113.39426218783936,23.10351794849245;113.3823544845953,23.10351794849245
3747840500313358336|113.44784406609682,23.13248910997019|113.44189075170216,23.12595564099761;113.4537973229644,23.12595564099761;113.4537973229644,23.139022674317566;113.44189075170216,23.139022674317566
3747837992052457472|113.29303973858326,23.156666201676043|113.2870849936657,23.150134135818746;113.29899443080402,23.150134135818746;113.29899443080402,23.163198358489026;113.2870849936657,23.163198358489026
3747843455250857984|113.44784406609682,23.17729360116786|113.44189075170216,23.170758950781206;113.4537973229644,23.170758950781206;113.4537973229644,23.183828344685235;113.44189075170216,23.183828344685235
3747839572600422400|113.40021595576947,23.10633177676083|113.39426218783932,23.099799623585117;113.40616966765742,23.099799623585117;113.40616966765742,23.1128640256326;113.39426218783932,23.1128640256326
3747840912630218752|113.43593737996602,23.1455563335889|113.42998395107384,23.139022674317516;113.44189075170222,23.139022674317516;113.44189075170222,23.152090087333477;113.42998395107384,23.152090087333477
3747835861748678656|113.32876709494556,23.251970702594207|113.32281266899871,23.24543569784516;113.3347214670798,23.24543569784516;113.3347214670798,23.25850579426667;113.32281266899871,23.25850579426667
3747838404369317888|113.29303973858326,23.134245233670214|113.2870849936657,23.127713754383247;113.29899443080402,23.127713754383247;113.29899443080402,23.140776805035056;113.2870849936657,23.140776805035056
3747843352171642880|113.43593737996602,23.201564617519768|113.42998395107384,23.195029489046455;113.44189075170222,23.195029489046455;113.44189075170222,23.208099837661006;113.42998395107384,23.208099837661006
3747835999187632128|113.32876709494558,23.229555914526586|113.32281266899871,23.223021484298755;113.3347214670798,23.223021484298755;113.3347214670798,23.236090432800243;113.32281266899871,23.236090432800243
3747835586870771712|113.29303973858326,23.24634563260007|113.2870849936657,23.2398112517695;113.29899443080402,23.2398112517695;113.29899443080402,23.252880099896945;113.2870849936657,23.252880099896945
3747838679247224832|113.31685818942522,23.108119873491262|113.31090365641093,23.101588767017436;113.32281266899876,23.101588767017436;113.32281266899876,23.114651073843653;113.31090365641093,23.114651073843653
3747842699336613888|113.44784406609682,23.222096335855873|113.44189075170216,23.215560516569056;113.4537973229644,23.215560516569056;113.4537973229644,23.22863224602909;113.44189075170216,23.22863224602909
3747837717174550528|113.32876709494556,23.16230879454104|113.32281266899871,23.155776106657616;113.3347214670798,23.155776106657616;113.3347214670798,23.168841573837188;113.32281266899871,23.168841573837188
3747835208913649664|113.31685818942522,23.209000255585096|113.31090365641093,23.202466513999664;113.32281266899876,23.202466513999664;113.32281266899876,23.215534085999185;113.31090365641093,23.215534085999185
3747835346352603136|113.30494907014189,23.22206800479156|113.29899443080396,23.21553408599913;113.31090365641097,23.21553408599913;113.31090365641097,23.22860201151203;113.29899443080396,23.22860201151203
3747838541808271360|113.29303973858326,23.11182384195098|113.2870849936657,23.105292952365325;113.29899443080402,23.105292952365325;113.29899443080402,23.11835482473664;113.2870849936657,23.11835482473664
3747839710039375872|113.4240304652113,23.102610025637336|113.41807692256394,23.096077661017308;113.4299839510739,23.096077661017308;113.4299839510739,23.10914248663401;113.41807692256394,23.10914248663401
3747836548943446016|113.37640054965286,23.222102845536735|113.37044655941108,23.215567972022022;113.38235448459534,23.215567972022022;113.38235448459534,23.228637808456593;113.37044655941108,23.228637808456593
3747836411504492544|113.37640054965286,23.24451209336556|113.37044655941108,23.23797664261001;113.38235448459534,23.23797664261001;113.38235448459534,23.251047632403917;113.37044655941108,23.251047632403917
3747837854613504000|113.29303973858326,23.17908673576782|113.2870849936657,23.172554086471088;113.29899443080402,23.172554086471088;113.29899443080402,23.18561947489799;113.2870849936657,23.18561947489799
3747842836775567360|113.44784406609682,23.24449701907893|113.44189075170216,23.237960620034514;113.4537973229644,23.237960620034514;113.4537973229644,23.25103350788748;113.44189075170216,23.25103350788748
3747841496745771008|113.38830836405272,23.164215648634894|113.3823544845953,23.157682123641127;113.39426218783936,23.157682123641127;113.39426218783936,23.170749266179474;113.3823544845953,23.170749266179474
3747837098699259904|113.37640054965286,23.177282975824223|113.37044655941108,23.17074926617942;113.38235448459534,23.17074926617942;113.38235448459534,23.18381677711868;113.37044655941108,23.18381677711868
3747840465953619968|113.43593737996602,23.134354352940285|113.42998395107384,23.127820989855834;113.44189075170222,23.127820989855834;113.44189075170222,23.140887811058942;113.42998395107384,23.140887811058942
3747836823821352960|113.35258425874784,23.203418726394528|113.34663004916678,23.19688465285431;113.35853841377283,23.19688465285431;113.35853841377283,23.209952889782343;113.34663004916678,23.209952889782343
3747839229003038720|113.36449251405583,23.100701001982962|113.35853841377278,23.09416946580802;113.37044655941112,23.09416946580802;113.37044655941112,23.10723263339493;113.35853841377278,23.10723263339493
3747838163851149312|113.32876709494558,23.151100552696967|113.32281266899871,23.144568157943255;113.3347214670798,23.144568157943255;113.3347214670798,23.15763303942449;113.32281266899871,23.15763303942449
3747838026412195840|113.29303973858326,23.145455771274914|113.2870849936657,23.13892399831142;113.29899443080402,23.13892399831142;113.29899443080402,23.151987635755205;113.2870849936657,23.151987635755205
3747842493178183680|113.4240304652113,23.225837054343074|113.41807692256394,23.219301452613045;113.4299839510739,23.219301452613045;113.4299839510739,23.23237274627825;113.41807692256394,23.23237274627825
3747841805983416320|113.41212332331745,23.194097901038518|113.40616966765737,23.18756328104002;113.41807692256398,23.18756328104002;113.41807692256398,23.20063261258507;113.40616966765737,23.20063261258507
3747841118788648960|113.42403046521132,23.13621868587203|113.41807692256394,23.129685429017073;113.4299839510739,23.129685429017073;113.4299839510739,23.142752037420703;113.41807692256394,23.142752037420703
3747836961260306432|113.35258425874784,23.18100578957811|113.34663004916678,23.174472298178348;113.35853841377283,23.174472298178348;113.35853841377283,23.187539371947715;113.34663004916678,23.187539371947715
3747839091564085248|113.36449251405583,23.123114054193763|113.35853841377278,23.11658192424434;113.37044655941112,23.11658192424434;113.37044655941112,23.1296462782582;113.35853841377278,23.1296462782582
3747843386531381248|113.43593737996602,23.190363180882436|113.42998395107384,23.183828344685185;113.44189075170222,23.183828344685185;113.44189075170222,23.1968981093087;113.42998395107384,23.1968981093087
3747838816686178304|113.35258425874784,23.091349710393388|113.34663004916678,23.084818578855373;113.35853841377283,23.084818578855373;113.35853841377283,23.09788093738962;113.34663004916678,23.09788093738962
3747837751534288896|113.31685818942522,23.164165617675465|113.31090365641093,23.15763303942444;113.32281266899876,23.15763303942444;113.32281266899876,23.17069828699971;113.31090365641093,23.17069828699971
3747842115221061632|113.40021595576945,23.21837082454679|113.39426218783932,23.21183573142906;113.40616966765742,23.21183573142906;113.40616966765742,23.22490600775;113.39426218783932,23.22490600775
3747836686382399488|113.36449251405583,23.21276199371708|113.35853841377278,23.20622751996829;113.37044655941112,23.20622751996829;113.37044655941112,23.21929655709218;113.35853841377278,23.21929655709218
3747840878270480384|113.44784406609682,23.143690392990603|113.44189075170216,23.13715662749129;113.4537973229644,23.13715662749129;113.4537973229644,23.150224253303723;113.44189075170216,23.150224253303723
3747840981349695488|113.4240304652113,23.158623935100426|113.41807692256394,23.152090087333423;113.4299839510739,23.152090087333423;113.4299839510739,23.165157876439103;113.41807692256394,23.165157876439103
3747841256227602432|113.40021595576947,23.13994462044288|113.39426218783932,23.133411577070202;113.40616966765742,23.133411577070202;113.40616966765742,23.14647775782862;113.39426218783932,23.14647775782862
3747841943422369792|113.40021595576947,23.207167415228888|113.39426218783932,23.200632612585018;113.40616966765742,23.200632612585018;113.40616966765742,23.21370230851938;113.39426218783932,23.21370230851938
3747835140194172928|113.32876709494556,23.195932861693265|113.32281266899871,23.189399299116157;113.3347214670798,23.189399299116157;113.3347214670798,23.202466513999717;113.32281266899871,23.202466513999717
3747843523970334720|113.43593737996602,23.16795997484047|113.42998395107384,23.161425725541815;113.44189075170222,23.161425725541815;113.44189075170222,23.174494317490275;113.42998395107384,23.174494317490275
3747842390098968576|113.41212332331745,23.2501108953333|113.40616966765737,23.24357482517655;113.41807692256398,23.24357482517655;113.41807692256398,23.25664705423241;113.40616966765737,23.25664705423241
3747838335649841152|113.31685818942522,23.130538488482866|113.31090365641093,23.12400679095019;113.32281266899876,23.12400679095019;113.32281266899876,23.13707027877201;113.31090365641093,23.13707027877201
3747838954125131776|113.34067578521548,23.12682809454892|113.33472146707975,23.120296180128232;113.34663004916682,23.120296180128232;113.34663004916682,23.13336010240513;113.33472146707975,23.13336010240513
3747841668544462848|113.41212332331745,23.171691910898666|113.40616966765737,23.165157876439054;113.41807692256398,23.165157876439054;113.41807692256398,23.17822603802849;113.40616966765737,23.17822603802849
3747842664976875520|113.44784406609682,23.210895821307396|113.44189075170216,23.204360293072472;113.4537973229644,23.204360293072472;113.4537973229644,23.217431440989813;113.44189075170216,23.217431440989813
3747842802415828992|113.43593737996602,23.246369225174814|113.42998395107384,23.23983293541855;113.44189075170222,23.23983293541855;113.44189075170222,23.252905604354503;113.42998395107384,23.252905604354503
3747837133058998272|113.37640054965286,23.16607772955818|113.37044655941108,23.159544312836804;113.38235448459534,23.159544312836804;113.38235448459534,23.1726112384903;113.37044655941108,23.1726112384903
3747841531105509376|113.38830836405272,23.175420199795465|113.3823544845953,23.168886381538492;113.39426218783936,23.168886381538492;113.39426218783936,23.181954110042163;113.3823544845953,23.181954110042163
3747841393666555904|113.38830836405272,23.153010988776774|113.3823544845953,23.146477757828567;113.39426218783936,23.146477757828567;113.39426218783936,23.159544312836857;113.3823544845953,23.159544312836857
3747837888973242368|113.29303973858326,23.167876523598604|113.2870849936657,23.161344165630233;113.29899443080402,23.161344165630233;113.29899443080402,23.174408971961544;113.2870849936657,23.174408971961544
3747835002755219456|113.30494907014189,23.19964975243945|113.29899443080396,23.193116411504363;113.31090365641097,23.193116411504363;113.31090365641097,23.206183182424944;113.29899443080396,23.206183182424944
3747840431593881600|113.43593737996602,23.123152267306605|113.42998395107384,23.116619201191277;113.44189075170222,23.116619201191277;113.44189075170222,23.129685429017123;113.42998395107384,23.129685429017123
3747840294154928128|113.44784406609682,23.110086231121954|113.44189075170216,23.103553357549316;113.4537973229644,23.103553357549316;113.4537973229644,23.11661920119133;113.44189075170216,23.11661920119133
3747838198210887680|113.32876709494556,23.139892203246482|113.32281266899871,23.13336010240508;113.3347214670798,23.13336010240508;113.3347214670798,23.146424396622777;113.32281266899871,23.146424396622777
3747836995620044800|113.36449251405583,23.179144839182584|113.35853841377278,23.17261123849025;113.37044655941112,23.17261123849025;113.37044655941112,23.185678531184607;113.35853841377278,23.185678531184607
3747836858181091328|113.35258425874784,23.192212314045786|113.34663004916678,23.185678531184557;113.35853841377283,23.185678531184557;113.35853841377283,23.198746187315734;113.34663004916678,23.198746187315734
3747842149580800000|113.40021595576947,23.22957411909685|113.39426218783932,23.223038736287528;113.40616966765742,23.223038736287528;113.40616966765742,23.236109591430516;113.39426218783932,23.236109591430516
3747842527537922048|113.41212332331745,23.227706043583904|113.40616966765737,23.221170551143835;113.41807692256398,23.221170551143835;113.41807692256398,23.234241625888657;113.40616966765737,23.234241625888657
3747838060771934208|113.30494907014189,23.143602161367355|113.29899443080396,23.13707027877196;113.31090365641097,23.13707027877196;113.31090365641097,23.150134135818796;113.29899443080396,23.150134135818796
3747837785894027264|113.31685818942522,23.17537444409568|113.31090365641093,23.16884157383714;113.32281266899876,23.16884157383714;113.32281266899876,23.181907404866323;113.31090365641093,23.181907404866323
3747836583303184384|113.37640054965286,23.21089804795686|113.37044655941108,23.20436346423608;113.38235448459534,23.20436346423608;113.38235448459534,23.217432721643938;113.37044655941108,23.217432721643938
3747837270497951744|113.37640054965286,23.14366691133195|113.37044655941108,23.137134082804643;113.38235448459534,23.137134082804643;113.38235448459534,23.150199833192133;113.37044655941108,23.150199833192133
3747842287019753472|113.40021595576945,23.251980358806478|113.39426218783932,23.24544439896068;113.40616966765742,23.24544439896068;113.40616966765742,23.258516407054262;113.39426218783932,23.258516407054262
3747839503880945664|113.38830836405272,23.11939636974983|113.3823544845953,23.11286402563255;113.39426218783936,23.11286402563255;113.39426218783936,23.125928808662064;113.3823544845953,23.125928808662064
3747838473088794624|113.30494907014189,23.121182367624364|113.29899443080396,23.114651073843604;113.31090365641097,23.114651073843604;113.31090365641097,23.127713754383297;113.29899443080396,23.127713754383297
3747839778758852608|113.41212332331745,23.09326756655611|113.40616966765737,23.086735606124307;113.41807692256398,23.086735606124307;113.41807692256398,23.09979962358517;113.40616966765737,23.09979962358517
3747840843910742016|113.44784406609682,23.154891570045173|113.44189075170216,23.14835750880128;113.4537973229644,23.14835750880128;113.4537973229644,23.161425725541868;113.44189075170216,23.161425725541868
3747837545375858688|113.34067578521548,23.160451058345345|113.33472146707975,23.15391826116906;113.34663004916682,23.15391826116906;113.34663004916682,23.16698394727395;113.33472146707975,23.16698394727395
3747838747966701568|113.32876709494558,23.09505775487244|113.32281266899871,23.08852683750641;113.3347214670798,23.08852683750641;113.3347214670798,23.101588767017486;113.32281266899871,23.101588767017486
3747841634184724480|113.40021595576947,23.173556511389172|113.39426218783932,23.16702258486053;113.40616966765742,23.16702258486053;113.40616966765742,23.18009053024773;113.39426218783932,23.18009053024773
3747838610527748096|113.30494907014189,23.098762156429846|113.29899443080396,23.092231454594568;113.31090365641097,23.092231454594568;113.31090365641097,23.105292952365375;113.29899443080396,23.105292952365375
3747837407936905216|113.35258425874784,23.147385556195538|113.34663004916678,23.14085294387508;113.35853841377283,23.14085294387508;113.35853841377283,23.15391826116911;113.34663004916678,23.15391826116911
3747842046501584896|113.38830836405272,23.20903318836313|113.3823544845953,23.202498495010584;113.39426218783936,23.202498495010584;113.39426218783936,23.215567972022072;113.3823544845953,23.215567972022072
3747842630617137152|113.43593737996602,23.21276594153904|113.42998395107384,23.20623052157181;113.44189075170222,23.20623052157181;113.44189075170222,23.219301452613095;113.42998395107384,23.219301452613095
3747841909062631424|113.41212332331745,23.20530072884759|113.40616966765737,23.19876581725301;113.41807692256398,23.19876581725301;113.41807692256398,23.21183573142911;113.40616966765737,23.21183573142911
3747836720742137856|113.35258425874784,23.21462502535124|113.34663004916678,23.208090661914465;113.35853841377283,23.208090661914465;113.35853841377283,23.221159478074444;113.34663004916678,23.221159478074444
3747841771623677952|113.41212332331745,23.18289496129814|113.40616966765737,23.17636063367795;113.41807692256398,23.17636063367795;113.41807692256398,23.18942938102746;113.40616966765737,23.18942938102746
3747837236138213376|113.37640054965286,23.154872374302972|113.37044655941108,23.148339251287425;113.38235448459534,23.148339251287425;113.38235448459534,23.161405590090343;113.37044655941108,23.161405590090343
3747838301290102784|113.31685818942522,23.119329233023436|113.31090365641093,23.112797830628853;113.32281266899876,23.112797830628853;113.32281266899876,23.125860728735546;113.31090365641093,23.125860728735546
3747835277633126400|113.32876709494558,23.21834834507334|113.32281266899871,23.211814203279893;113.3347214670798,23.211814203279893;113.3347214670798,23.224882575473806;113.32281266899871,23.224882575473806
3747842768056090624|113.43593737996602,23.235168246637734|113.42998395107384,23.22863224602904;113.44189075170222,23.22863224602904;113.44189075170222,23.241704337231;113.42998395107384,23.241704337231
3747837923332980736|113.30494907014189,23.166021527458035|113.29899443080396,23.159489059178757;113.31090365641097,23.159489059178757;113.31090365641097,23.172554086471138;113.29899443080396,23.172554086471138
3747835415072079872|113.29303973858326,23.212716701010546|113.2870849936657,23.206183182424894;113.29899443080402,23.206183182424894;113.29899443080402,23.21925030774613;113.2870849936657,23.21925030774613
3747839641319899136|113.41212332331745,23.115675043556628|113.40616966765737,23.10914248663396;113.41807692256398,23.10914248663396;113.41807692256398,23.122207695954625;113.40616966765737,23.122207695954625
3747837029979783168|113.36449251405583,23.1903506696122|113.35853841377278,23.18381677711863;113.37044655941112,23.18381677711863;113.37044655941112,23.196884652854358;113.35853841377278,23.196884652854358
3747840328514666496|113.44784406609682,23.09888463783968|113.44189075170216,23.09235206314027;113.4537973229644,23.09235206314027;113.4537973229644,23.105417309596767;113.44189075170216,23.105417309596767
3747841428026294272|113.40021595576945,23.151148691648824|113.39426218783932,23.144615353108502;113.40616966765742,23.144615353108502;113.40616966765742,23.157682123641177;113.39426218783932,23.157682123641177
3747838095131672576|113.31685818942522,23.141747638594527|113.31090365641093,23.13521564670643;113.32281266899876,23.13521564670643;113.32281266899876,23.148279722678037;113.31090365641093,23.148279722678037
3747836892540829696|113.34067578521548,23.194073044836667|113.33472146707975,23.187539371947665;113.34663004916682,23.187539371947665;113.34663004916682,23.20060680779465;113.33472146707975,23.20060680779465
3747841874702893056|113.4240304652113,23.203433129513105|113.41807692256394,23.196898109308652;113.4299839510739,23.196898109308652;113.4299839510739,23.20996824104494;113.41807692256394,23.20996824104494
3747840534673096704|113.44784406609682,23.121287722256415|113.44189075170216,23.114754550592725;113.4537973229644,23.114754550592725;113.4537973229644,23.127820989855884;113.44189075170216,23.127820989855884
3747837957692719104|113.30494907014189,23.15481189850666|113.29899443080396,23.148279722677984;113.31090365641097,23.148279722677984;113.31090365641097,23.161344165630283;113.29899443080396,23.161344165630283
3747841050069172224|113.41212332331745,23.14928548321234|113.40616966765737,23.142752037420653;113.41807692256398,23.142752037420653;113.41807692256398,23.155819022796333;113.40616966765737,23.155819022796333
3747838438729056256|113.29303973858326,23.12303459013711|113.2870849936657,23.116503405309423;113.29899443080402,23.116503405309423;113.29899443080402,23.129565867603745;113.2870849936657,23.129565867603745
3747837682814812160|113.32876709494558,23.17351692750446|113.32281266899871,23.1669839472739;113.3347214670798,23.1669839472739;113.3347214670798,23.18004999858662;113.32281266899871,23.18004999858662
3747842183940538368|113.38830836405272,23.23144128058795|113.3823544845953,23.22490600774995;113.39426218783936,23.22490600774995;113.39426218783936,23.23797664261006;113.3823544845953,23.23797664261006
3747843558330073088|113.44784406609682,23.16609263986162|113.44189075170216,23.159558283655286;113.4537973229644,23.159558283655286;113.4537973229644,23.17262708975973;113.44189075170216,23.17262708975973
3747836617662922752|113.37640054965286,23.19969313629641|113.37044655941108,23.19315884315192;113.38235448459534,23.19315884315192;113.38235448459534,23.206227519968344;113.37044655941108,23.206227519968344
3747839469521207296|113.38830836405272,23.108191287835197|113.3823544845953,23.101659240893003;113.39426218783936,23.101659240893003;113.39426218783936,23.114723430133328;113.3823544845953,23.114723430133328
3747842321379491840|113.40021595576947,23.24077729760728|113.39426218783932,23.234241625888604;113.40616966765742,23.234241625888604;113.40616966765742,23.247313058289127;113.39426218783932,23.247313058289127
3747837373577166848|113.36449251405583,23.145526689663136|113.35853841377278,23.13899396906917;113.37044655941112,23.13899396906917;113.37044655941112,23.152059503250044;113.35853841377278,23.152059503250044
3747835964827893760|113.31685818942522,23.231416894030854|113.31090365641093,23.224882575473753;113.32281266899876,23.224882575473753;113.32281266899876,23.237951300294238;113.31090365641093,23.237951300294238
3747841187508125696|113.41212332331745,23.12687862816128|113.40616966765737,23.120345774166644;113.41807692256398,23.120345774166644;113.41807692256398,23.13341157707025;113.40616966765737,23.13341157707025
3747840946989957120|113.43593737996602,23.15675820797978|113.42998395107384,23.15022425330367;113.44189075170222,23.15022425330367;113.44189075170222,23.16329225656807;113.42998395107384,23.16329225656807
3747835552511033344|113.30494907014189,23.24448579381351|113.29899443080396,23.237951300294185;113.31090365641097,23.237951300294185;113.31090365641097,23.251020374138456;113.29899443080396,23.251020374138456
3747837648455073792|113.34067578521548,23.17165849746381|113.33472146707975,23.165125407600758;113.34663004916682,23.165125407600758;113.34663004916682,23.178191678518086;113.33472146707975,23.178191678518086
3747842012141846528|113.38830836405272,23.197828970932253|113.3823544845953,23.191294568495906;113.39426218783936,23.191294568495906;113.39426218783936,23.20436346423613;113.3823544845953,23.20436346423613
3747839744399114240|113.4240304652113,23.091406934280585|113.41807692256394,23.084874868636728;113.4299839510739,23.084874868636728;113.4299839510739,23.097939096862035;113.41807692256394,23.097939096862035
3747838713606963200|113.32876709494558,23.10626652200208|113.32281266899871,23.09973530759327;113.3347214670798,23.09973530759327;113.3347214670798,23.112797830628903;113.32281266899871,23.112797830628903
3747842733696352256|113.43593737996602,23.22396715166878|113.42998395107384,23.217431440989763;113.44189075170222,23.217431440989763;113.44189075170222,23.230502952893513;113.42998395107384,23.230502952893513
3747841324947079168|113.38830836405272,23.130601348060782|113.3823544845953,23.124068707550805;113.39426218783936,23.124068707550805;113.39426218783936,23.137134082804693;113.3823544845953,23.137134082804693
3747842458818445312|113.4240304652113,23.237038844213032|113.41807692256394,23.230502952893463;113.4299839510739,23.230502952893463;113.4299839510739,23.243574825176605;113.41807692256394,23.243574825176605
3747838576168009728|113.29303973858326,23.100612990387393|113.2870849936657,23.094082396826536;113.29899443080402,23.094082396826536;113.29899443080402,23.1071436777093;113.2870849936657,23.1071436777093
3747837511016120320|113.34067578521548,23.149243510637284|113.33472146707975,23.142711006930313;113.34663004916682,23.142711006930313;113.34663004916682,23.155776106657665;113.33472146707975,23.155776106657665
3747841599824986112|113.40021595576947,23.184760257377786|113.39426218783932,23.17822603802844;113.40616966765742,23.17822603802844;113.40616966765742,23.19129456849596;113.39426218783932,23.19129456849596
3747842871135305728|113.44784406609682,23.23329673553669|113.44189075170216,23.226760625980035;113.4537973229644,23.226760625980035;113.4537973229644,23.2398329354186;113.44189075170216,23.2398329354186
3747837201778475008|113.36449251405583,23.156732847934627|113.35853841377278,23.150199833192083;113.37044655941112,23.150199833192083;113.37044655941112,23.16326595510904;113.35853841377278,23.16326595510904
3747841737263939584|113.4240304652113,23.18102875304037|113.41807692256394,23.174494317490225;113.4299839510739,23.174494317490225;113.4299839510739,23.18756328104007;113.41807692256394,23.18756328104007
3747836755101876224|113.34067578521548,23.216487142567217|113.33472146707975,23.20995288978229;113.34663004916682,23.20995288978229;113.34663004916682,23.22302148429881;113.33472146707975,23.22302148429881
3747839606960160768|113.41212332331745,23.10447135593037|113.40616966765737,23.09793909686198;113.41807692256398,23.09793909686198;113.41807692256398,23.111003711035064;113.40616966765737,23.111003711035064
3747837820253765632|113.30494907014189,23.177231046946854|113.29899443080396,23.17069828699966;113.31090365641097,23.17069828699966;113.31090365641097,23.18376389706677;113.29899443080396,23.18376389706677
3747841462386032640|113.40021595576947,23.162352655721918|113.39426218783932,23.155819022796283;113.40616966765742,23.155819022796283;113.40616966765742,23.16888638153854;113.39426218783932,23.16888638153854
3747837064339521536|113.37640054965286,23.18848811182795|113.37044655941108,23.181954110042113;113.38235448459534,23.181954110042113;113.38235448459534,23.195022204702347;113.37044655941108,23.195022204702347
3747839194643300352|113.37640054965286,23.09884400776356|113.37044655941108,23.09231236501351;113.38235448459534,23.09231236501351;113.38235448459534,23.10537574609053;113.37044655941108,23.10537574609053
3747836926900568064|113.34067578521548,23.182865826718814|113.33472146707975,23.176332444951527;113.34663004916682,23.176332444951527;113.34663004916682,23.189399299116207;113.33472146707975,23.189399299116207
3747842596257398784|113.4240304652113,23.214635149019287|113.41807692256394,23.208099837660956;113.4299839510739,23.208099837660956;113.4299839510739,23.221170551143885;113.41807692256394,23.221170551143885
3747841840343154688|113.4240304652113,23.192230997096186|113.41807692256394,23.18569626882779;113.4299839510739,23.18569626882779;113.4299839510739,23.19876581725306;113.41807692256394,23.19876581725306
3747842080861323264|113.38830836405272,23.220237292005752|113.3823544845953,23.21370230851933;113.39426218783936,23.21370230851933;113.39426218783936,23.226772365237437;113.3823544845953,23.226772365237437
3747839057204346880|113.36449251405583,23.111907579543907|113.35853841377278,23.10537574609048;113.37044655941112,23.10537574609048;113.37044655941112,23.118439507673365;113.35853841377278,23.118439507673365
3747841084428910592|113.4240304652113,23.147421363760994|113.41807692256394,23.140887811058892;113.4299839510739,23.140887811058892;113.4299839510739,23.153955010595794;113.41807692256394,23.153955010595794
3747842218300276736|113.38830836405272,23.242645152837756|113.3823544845953,23.236109591430463;113.39426218783936,23.236109591430463;113.39426218783936,23.24918080286798;113.3823544845953,23.24918080286798
3747836652022661120|113.36449251405583,23.201556388214676|113.35853841377278,23.195022204702294;113.37044655941112,23.195022204702294;113.37044655941112,23.208090661914518;113.35853841377278,23.208090661914518
3747841221867864064|113.41212332331745,23.13808210847092|113.40616966765737,23.131548958186617;113.41807692256398,23.131548958186617;113.41807692256398,23.144615353108556;113.40616966765737,23.144615353108556
3747837339217428480|113.36449251405583,23.134320424658206|113.35853841377278,23.127787998995274;113.37044655941112,23.127787998995274;113.37044655941112,23.14085294387513;113.35853841377278,23.14085294387513
3747841977782108160|113.40021595576945,23.195963892415154|113.39426218783932,23.18942938102741;113.40616966765742,23.18942938102741;113.40616966765742,23.202498495010637;113.39426218783932,23.202498495010637
3747837614095335424|113.35258425874784,23.169799154264805|113.34663004916678,23.163265955108987;113.35853841377283,23.163265955108987;113.35853841377283,23.176332444951576;113.34663004916678,23.176332444951576
3747842355739230208|113.41212332331745,23.238908527967702|113.40616966765737,23.232372746278198;113.41807692256398,23.232372746278198;113.41807692256398,23.245444398960732;113.40616966765737,23.245444398960732
3747838782326439936|113.34067578521548,23.093204187852788|113.33472146707975,23.086673163230827;113.34663004916682,23.086673163230827;113.34663004916682,23.099735307593324;113.33472146707975,23.099735307593324
3747835174553911296|113.31685818942522,23.197791764324425|113.31090365641093,23.19125831239869;113.32281266899876,23.19125831239869;113.32281266899876,23.20432530563998;113.31090365641093,23.20432530563998
3747841359306817536|113.38830836405272,23.141806221494285|113.3823544845953,23.135273285374005;113.39426218783936,23.135273285374005;113.39426218783936,23.148339251287474;113.3823544845953,23.148339251287474
3747837476656381952|113.34067578521548,23.13803585561372|113.33472146707975,23.13150364615861;113.34663004916682,23.13150364615861;113.34663004916682,23.144568157943304;113.33472146707975,23.144568157943304
3747837167418736640|113.36449251405583,23.167938898198948|113.35853841377278,23.16140559009029;113.37044655941112,23.16140559009029;113.37044655941112,23.174472298178397;113.35853841377278,23.174472298178397
3747841702904201216|113.4240304652113,23.1698263986177|113.41807692256394,23.16329225656802;113.4299839510739,23.16329225656802;113.4299839510739,23.176360633678005;113.41807692256394,23.176360633678005
3747841565465247744|113.38830836405272,23.186624640985507|113.3823544845953,23.180090530247675;113.39426218783936,23.180090530247675;113.39426218783936,23.193158843151974;113.3823544845953,23.193158843151974
3747836789461614592|113.34067578521548,23.2052801505439|113.33472146707975,23.198746187315685;113.34663004916682,23.198746187315685;113.34663004916682,23.211814203279943;113.33472146707975,23.211814203279943
3747838919765393408|113.34067578521548,23.115620228717358|113.33472146707975,23.109088610113663;113.34663004916682,23.109088610113663;113.34663004916682,23.122151941317604;113.33472146707975,23.122151941317604
3747835037114957824|113.30494907014189,23.188440455698736|113.29899443080396,23.18190740486627;113.31090365641097,23.18190740486627;113.31090365641097,23.194973596142766;113.29899443080396,23.194973596142766
3747840397234143232|113.43593737996602,23.11195007796071|113.42998395107384,23.105417309596714;113.44189075170222,23.105417309596714;113.44189075170222,23.11848294248086;113.42998395107384,23.11848294248086